00020000000200020000002000000020000020002000020000200000000000002000000000200000
22022222020202020222022022202220202220222020220022202222002202202220222220202220
02020002220002000002000020200000202000000020200020002000002000200020000020002020
02000200022222222202222220222222202022202220202200220020222020222022222022222020
02222222020000000202000000000020002020000000002000200020000020200020002020000000
00000002000222220202202022222020222020222222222022222022222220222020202020222222
22202222222200020200222020002020002020000000200020002000000020002020202020002000
00002000000002220220000020202022202022222220202220202020222222202020202022202220
02222022222202000200222220202020200020000020002000202020200000002000200020200000
00000020000202022222200000202000222220222022222220202220202222222222222220222022
02222220202202000002020220202022202000200000002000200000202020002000002000000020
00020000200202222202020020202000000020222222202022222022202020202022202020222020
22020222200200000202002020222222222220200000200020000020002000202000200020200000
02000200200222022202200020000000200020202220222220222220222022202220222220222220
02222202220200000200202222202020202220202000200020002000202000200000000020000020
00000002000222220220200000202000000000202022202022202022202220222222222022222000
02222202022202020000222222202022222222202000202020002000202000200000200020200022
02000002020000022222200000202000200020202220202220222220202022202222202220202020
02222202000222000002002220202220202000200020200000202000200020200000002000202000
00000222222202222202022000200020202022222020222022202022222020222222222020202222
02220000000000000200020022222020222020000020002020002020002020000000000020200000
00022202222222220222222020000020000020222222202022202020202022222022222220222220
22020200000200000202000020202020222220000020202000002000202000000020000020200000
00020222220222202202022220202020200022222020202222222222202222222220202220202222
02220000020000200202000020202220202000000020200000002000202000002000200000002000
02000222022220220202222020202000202222222220222222202020202222202022222222202020
02220200000020200200000020202022200000200000200000202020002000002000200000200020
00000222222220220202222020200000222220202020202220202022222022202220202020202220
22222202000200020202002020222222200000202020002020202000200020000020202022200020
00000002020222020002022020002000202222222022222020202020202222222220202020222022
02222202020200022222020022222020202020000020000020202020202000020000202000000020
02000000020002220200000220002020002020202220202220202020202022020222202220202220
02222202222222000220222200202022222020200020200020202220200020000000002000202020
00000202000200022200200002200020200000222022222020200000202220222222222022202000
22220202020222000200202200222220202222202020002000222222200020002000200020000022
00200202020200020220200200200000200020002020202220202000222022200020202222222020
20002222020222220000202220202020222020222020200020200020002020202020200020002020
20222000020200000220200000202020002000002000222020202222202020002000222020202000
20000022020002202200202220222020222020202020200022202020002022200020200020202220
22220220022200200220000020000020000020200020002000000022202000202020202020200000